0
0.5929687499999999
0.837890625
1.018359375
1.16015625
1.276171875
1.3921875
1.482421875
1.5726562499999999
1.662890625
1.740234375
1.8175781249999998
1.8820312499999998
1.9464843749999998
2.0109375
2.0625
2.1140624999999997
2.165625
2.2171875
2.26875
2.3074218749999997
2.34609375
2.39765625
2.4234375
2.462109375
2.487890625
2.513671875
2.5394531249999996
2.5652343749999997
2.578125
2.6039062499999996
2.616796875
2.6296874999999997
2.642578125
2.65546875
2.6683593749999996
2.68125
2.68125
2.6941406249999997
2.70703125
2.70703125
2.719921875
2.719921875
2.7328124999999996
2.7328124999999996
2.7328124999999996
2.745703125
2.745703125
2.745703125
2.7585937499999997
2.7585937499999997
2.7585937499999997
2.771484375
2.771484375
2.771484375
2.771484375
2.784375
2.784375
2.784375
2.784375
2.784375
2.7972656249999996
2.7972656249999996
2.7972656249999996
2.7972656249999996
2.7972656249999996
2.81015625
2.7972656249999996
2.771484375
2.7585937499999997
2.745703125
2.7328124999999996
2.719921875
2.719921875
2.70703125
2.6941406249999997
2.68125
2.6683593749999996
2.65546875
2.65546875
2.642578125
2.642578125
2.6296874999999997
2.616796875
2.616796875
2.6039062499999996
2.6039062499999996
2.591015625
2.591015625
2.591015625
2.591015625
2.578125
2.578125
2.578125
2.578125
2.5652343749999997
2.5652343749999997
2.5652343749999997
2.5652343749999997
2.5652343749999997
2.5652343749999997
2.55234375
2.55234375
2.55234375
2.55234375
2.55234375
2.55234375
2.55234375
2.55234375
2.55234375
2.55234375
2.55234375
2.55234375
2.55234375
2.55234375
2.55234375
2.55234375
2.55234375
2.5394531249999996